   8.4860828241683627E-004   8.4165499371761335E-004  -427167.17514870001     
   8.4964993159625344E-004   8.4266816054236193E-004  -426369.68094149901     
   8.5071864034431976E-004   8.4368529573050795E-004  -425572.18673429801     
   8.5179176881602253E-004   8.4470642758996352E-004  -424774.69252709701     
   8.5286934985744143E-004   8.4573158472022955E-004  -423977.19831989595     
   8.5395141666094775E-004   8.4676079601636210E-004  -423179.70411269495     
   8.5503800277016108E-004   8.4779409067299463E-004  -422382.20990549395     
   8.5612914208498046E-004   8.4883149818841747E-004  -421584.71569829294     
   8.5722486886671086E-004   8.4987304836873438E-004  -420787.22149109194     
   8.5832521774327182E-004   8.5091877133205832E-004  -419989.72728389094     
   8.5943022371449604E-004   8.5196869751280764E-004  -419192.23307668994     
   8.6053992215752179E-004   8.5302285766603546E-004  -418394.73886948888     
   8.6165434883227600E-004   8.5408128287184945E-004  -417597.24466228788     
   8.6277353988705536E-004   8.5514400453989435E-004  -416799.75045508688     
   8.6389753186420380E-004   8.5621105441391126E-004  -416002.25624788587     
   8.6502636170589101E-004   8.5728246457635895E-004  -415204.76204068487     
   8.6616006675999948E-004   8.5835826745312652E-004  -414407.26783348387     
   8.6729868478611092E-004   8.5943849581830841E-004  -413609.77362628287     
   8.6844225396160162E-004   8.6052318279907392E-004  -412812.27941908181     
   8.6959081288785864E-004   8.6161236188059666E-004  -412014.78521188081     
   8.7074440059659649E-004   8.6270606691108960E-004  -411217.29100467981     
   8.7190305655631187E-004   8.6380433210691047E-004  -410419.79679747880     
   8.7306682067883861E-004   8.6490719205775787E-004  -409622.30259027780     
   8.7423573332605017E-004   8.6601468173195888E-004  -408824.80838307680     
   8.7540983531667169E-004   8.6712683648184491E-004  -408027.31417587574     
   8.7658916793324846E-004   8.6824369204922965E-004  -407229.81996867474     
   8.7777377292923276E-004   8.6936528457097289E-004  -406432.32576147374     
   8.7896369253623872E-004   8.7049165058465184E-004  -405634.83155427274     
   8.8015896947142211E-004   8.7162282703433626E-004  -404837.33734707173     
   8.8135964694504416E-004   8.7275885127645694E-004  -404039.84313987073     
   8.8256576866817813E-004   8.7389976108580498E-004  -403242.34893266973     
   8.8377737886060107E-004   8.7504559466161733E-004  -402444.85472546867     
   8.8499452225886046E-004   8.7619639063379645E-004  -401647.36051826767     
   8.8621724412452519E-004   8.7735218806923897E-004  -400849.86631106667     
   8.8744559025264954E-004   8.7851302647828661E-004  -400052.37210386567     
   8.8867960698042964E-004   8.7967894582131260E-004  -399254.87789666466     
   8.8991934119608601E-004   8.8084998651541293E-004  -398457.38368946366     
   8.9116484034798234E-004   8.8202618944126644E-004  -397659.88948226266     
   8.9241615245398578E-004   8.8320759595008811E-004  -396862.39527506160     
   8.9367332611108984E-004   8.8439424787076302E-004  -396064.90106786060     
   8.9493641050529928E-004   8.8558618751709197E-004  -395267.40686065960     
   8.9620545542182424E-004   8.8678345769519916E-004  -394469.91265345860     
   8.9748051125556119E-004   8.8798610171108585E-004  -393672.41844625759     
   8.9876162902190648E-004   8.8919416337833988E-004  -392874.92423905659     
   9.0004886036790699E-004   8.9040768702599411E-004  -392077.43003185559     
   9.0134225758376374E-004   8.9162671750654817E-004  -391279.93582465453     
   9.0264187361472844E-004   8.9285130020415413E-004  -390482.44161745353     
   9.0394776207337012E-004   8.9408148104295950E-004  -389684.94741025253     
   9.0525997725227428E-004   8.9531730649561824E-004  -388887.45320305153     
   9.0657857413716371E-004   8.9655882359196903E-004  -388089.95899585052     
   9.0790360842046868E-004   8.9780607992788323E-004  -387292.46478864952     
   9.0923513651536281E-004   8.9905912367427537E-004  -386494.97058144852     
   9.1057321557028355E-004   9.0031800358629619E-004  -385697.47637424746     
   9.1191790348393745E-004   9.0158276901268161E-004  -384899.98216704646     
   9.1326925892081206E-004   9.0285346990527594E-004  -384102.48795984546     
   9.1462734132721974E-004   9.0413015682873864E-004  -383304.99375264446     
   9.1599221094784439E-004   9.0541288097039285E-004  -382507.49954544345     
   9.1736392884282051E-004   9.0670169415026656E-004  -381710.00533824245     
   9.1874255690536119E-004   9.0799664883128915E-004  -380912.51113104145     
   9.2012815787987918E-004   9.0929779812965307E-004  -380115.01692384039     
   9.2152079538065782E-004   9.1060519582534833E-004  -379317.52271663939     
   9.2292053391101493E-004   9.1191889637284873E-004  -378520.02850943839     
   9.2432743888297777E-004   9.1323895491197103E-004  -377722.53430223739     
   9.2574157663741934E-004   9.1456542727888783E-004  -376925.04009503638     
   9.2716301446466585E-004   9.1589837001730668E-004  -376127.54588783538     
   9.2859182062551403E-004   9.1723784038980928E-004  -375330.05168063438     
   9.3002806437266145E-004   9.1858389638934648E-004  -374532.55747343332     
   9.3147181597247786E-004   9.1993659675090574E-004  -373735.06326623232     
   9.3292314672710735E-004   9.2129600096333536E-004  -372937.56905903132     
   9.3438212899683306E-004   9.2266216928133687E-004  -372140.07485183032     
   9.3584883622267355E-004   9.2403516273763557E-004  -371342.58064462931     
   9.3732334294915160E-004   9.2541504315531381E-004  -370545.08643742831     
   9.3880572484717568E-004   9.2680187316034285E-004  -369747.59223022731     
   9.4029605873700503E-004   9.2819571619428859E-004  -368950.09802302625     
   9.4179442261119282E-004   9.2959663652722024E-004  -368152.60381582525     
   9.4330089565751668E-004   9.3100469927083463E-004  -367355.10960862425     
   9.4481555828176858E-004   9.3241997039178427E-004  -366557.61540142325     
   9.4633849213041044E-004   9.3384251672524478E-004  -365760.12119422224     
   9.4786978011300301E-004   9.3527240598872616E-004  -364962.62698702124     
   9.4940950642437261E-004   9.3670970679614058E-004  -364165.13277982024     
   9.5095775656647082E-004   9.3815448867215143E-004  -363367.63857261918     
   9.5251461736987832E-004   9.3960682206680704E-004  -362570.14436541818     
   9.5408017701493304E-004   9.4106677837049507E-004  -361772.65015821718     
   9.5565452505242700E-004   9.4253442992922761E-004  -360975.15595101618     
   9.5723775242388708E-004   9.4400985006027217E-004  -360177.66174381517     
   9.5882995148138860E-004   9.4549311306816209E-004  -359380.16753661417     
   9.6043121600693367E-004   9.4698429426110431E-004  -358582.67332941317     
   9.6204164123137861E-004   9.4848346996780585E-004  -357785.17912221211     
   9.6366132385291691E-004   9.4999071755473466E-004  -356987.68491501111     
   9.6529036205518504E-004   9.5150611544386440E-004  -356190.19070781011     
   9.6692885552497609E-004   9.5302974313088754E-004  -355392.69650060910     
   9.6857690546965408E-004   9.5456168120395765E-004  -354595.20229340810     
   9.7023461463429501E-004   9.5610201136296603E-004  -353797.70808620710     
   9.7190208731864154E-004   9.5765081643937519E-004  -353000.21387900610     
   9.7357942939394729E-004   9.5920818041663565E-004  -352202.71967180504     
   9.7526674831979634E-004   9.6077418845121867E-004  -351405.22546460404     
   9.7696415316100588E-004   9.6234892689426774E-004  -350607.73125740304     
   9.7867175460471028E-004   9.6393248331389837E-004  -349810.23705020203     
   9.8038966497775160E-004   9.6552494651818940E-004  -349012.74284300103     
   9.8211799826449647E-004   9.6712640657883235E-004  -348215.24863580003     
   9.8385687012521447E-004   9.6873695485551789E-004  -347417.75442859903     
   9.8560639791514678E-004   9.7035668402104035E-004  -346620.26022139797     
   9.8736670070441956E-004   9.7198568808714583E-004  -345822.76601419697     
   9.8913789929892370E-004   9.7362406243114671E-004  -345025.27180699597     
   9.9092011626234953E-004   9.7527190382331013E-004  -344227.77759979496     
   9.9271347593946893E-004   9.7692931045504456E-004  -343430.28339259396     
   9.9451810448086689E-004   9.7859638196788742E-004  -342632.78918539296     
   9.9633412986923427E-004   9.8027321948331893E-004  -341835.29497819196     
   9.9816168194738313E-004   9.8195992563340382E-004  -341037.80077099090     
   1.0000008924481310E-003   9.8365660459228256E-004  -340240.30656378990     
   1.0018518950261732E-003   9.8536336210851673E-004  -339442.81235658890     
   1.0037148252920979E-003   9.8708030553830818E-004  -338645.31814938789     
   1.0055898208486578E-003   9.8880754387958934E-004  -337847.82394218689     
   1.0074770213294195E-003   9.9054518780700845E-004  -337050.32973498589     
   1.0093765684399017E-003   9.9229334970781695E-004  -336252.83552778489     
   1.0112886060013226E-003   9.9405214371866006E-004  -335455.34132058383     
   1.0132132799970006E-003   9.9582168576329254E-004  -334657.84711338283     
   1.0151507386215659E-003   9.9760209359122266E-004  -333860.35290618183     
   1.0171011323329847E-003   9.9939348681729731E-004  -333062.85869898082     
   1.0190646139075150E-003   1.0011959869622306E-003  -332265.36449177982     
   1.0210413384975920E-003   1.0030097174940952E-003  -331467.87028457882     
   1.0230314636927480E-003   1.0048348038707809E-003  -330670.37607737782     
   1.0250351495835349E-003   1.0066713735834307E-003  -329872.88187017676     
   1.0270525588285094E-003   1.0085195562008571E-003  -329075.38766297576     
   1.0290838567242695E-003   1.0103794834149652E-003  -328277.89345577476     
   1.0311292112785515E-003   1.0122512890871611E-003  -327480.39924857375     
   1.0331887932863645E-003   1.0141351092957953E-003  -326682.90504137275     
   1.0352627764091433E-003   1.0160310823846106E-003  -325885.41083417175     
   1.0373513372568979E-003   1.0179393490122239E-003  -325087.91662697075     
   1.0394546554733013E-003   1.0198600522026442E-003  -324290.42241976969     
   1.0415729138236866E-003   1.0217933373968394E-003  -323492.92821256869     
   1.0437062982858825E-003   1.0237393525053529E-003  -322695.43400536769     
   1.0458549981438414E-003   1.0256982479619756E-003  -321897.93979816668     
   1.0480192060839711E-003   1.0276701767784901E-003  -321100.44559096568     
   1.0501991182941331E-003   1.0296552946004911E-003  -320302.95138376468     
   1.0523949345651888E-003   1.0316537597642801E-003  -319505.45717656368     
   1.0546068583950647E-003   1.0336657333548595E-003  -318707.96296936262     
   1.0568350970952183E-003   1.0356913792650148E-003  -317910.46876216162     
   1.0590798618994564E-003   1.0377308642555187E-003  -317112.97455496062     
   1.0613413680750088E-003   1.0397843580164396E-003  -316315.48034775961     
   1.0636198350358068E-003   1.0418520332295903E-003  -315517.98614055861     
   1.0659154864578668E-003   1.0439340656321226E-003  -314720.49193335755     
   1.0682285503967562E-003   1.0460306340812767E-003  -313922.99772615661     
   1.0705592594070395E-003   1.0481419206203224E-003  -313125.50351895555     
   1.0729078506637041E-003   1.0502681105456890E-003  -312328.00931175455     
   1.0752745660854803E-003   1.0524093924753472E-003  -311530.51510455355     
   1.0776596524600722E-003   1.0545659584184294E-003  -310733.02089735254     
   1.0800633615712515E-003   1.0567380038461693E-003  -309935.52669015154     
   1.0824859503278431E-003   1.0589257277641528E-003  -309138.03248295048     
   1.0849276808945886E-003   1.0611293327859822E-003  -308340.53827574954     
   1.0873888208249448E-003   1.0633490252083592E-003  -307543.04406854848     
   1.0898696431958822E-003   1.0655850150876639E-003  -306745.54986134748     
   1.0923704267446846E-003   1.0678375163181058E-003  -305948.05565414648     
   1.0948914560079479E-003   1.0701067467115059E-003  -305150.56144694547     
   1.0974330214628121E-003   1.0723929280787923E-003  -304353.06723974447     
   1.0999954196705723E-003   1.0746962863133007E-003  -303555.57303254341     
   1.1025789534228820E-003   1.0770170514759736E-003  -302758.07882534247     
   1.1051839318906745E-003   1.0793554578825549E-003  -301960.58461814141     
   1.1078106707760724E-003   1.0817117441928867E-003  -301163.09041094041     
   1.1104594924674252E-003   1.0840861535024299E-003  -300365.59620373941     
   1.1131307261978830E-003   1.0864789334361026E-003  -299568.10199653840     
   1.1158247082076376E-003   1.0888903362445896E-003  -298770.60778933740     
   1.1185417819102809E-003   1.0913206189032032E-003  -297973.11358213634     
   1.1212822980634816E-003   1.0937700432134614E-003  -297175.61937493540     
   1.1240466149444776E-003   1.0962388759074599E-003  -296378.12516773434     
   1.1268350985306624E-003   1.0987273887551909E-003  -295580.63096053334     
   1.1296481226857158E-003   1.1012358586749130E-003  -294783.13675333234     
   1.1324860693517069E-003   1.1037645678466379E-003  -293985.64254613133     
   1.1353493287475638E-003   1.1063138038289165E-003  -293188.14833893033     
   1.1382382995744780E-003   1.1088838596788934E-003  -292390.65413172927     
   1.1411533892285706E-003   1.1114750340757967E-003  -291593.15992452833     
   1.1440950140214423E-003   1.1140876314478573E-003  -290795.66571732727     
   1.1470635994090446E-003   1.1167219621026976E-003  -289998.17151012627     
   1.1500595802294014E-003   1.1193783423612078E-003  -289200.67730292527     
   1.1530834009497242E-003   1.1220570946948894E-003  -288403.18309572426     
   1.1561355159234558E-003   1.1247585478666013E-003  -287605.68888852326     
   1.1592163896577612E-003   1.1274830370746733E-003  -286808.19468132220     
   1.1623264970921240E-003   1.1302309041002425E-003  -286010.70047412126     
   1.1654663238885520E-003   1.1330024974577156E-003  -285213.20626692020     
   1.1686363667339809E-003   1.1357981725481586E-003  -284415.71205971920     
   1.1718371336556180E-003   1.1386182918154493E-003  -283618.21785251820     
   1.1750691443497261E-003   1.1414632249049338E-003  -282820.72364531719     
   1.1783329305247356E-003   1.1443333488243468E-003  -282023.22943811619     
   1.1816290362591799E-003   1.1472290481067315E-003  -281225.73523091513     
   1.1849580183754191E-003   1.1501507149750002E-003  -280428.24102371419     
   1.1883204468299843E-003   1.1530987495078765E-003  -279630.74681651313     
   1.1917169051213405E-003   1.1560735598068201E-003  -278833.25260931213     
   1.1951479907162039E-003   1.1590755621636289E-003  -278035.75840211113     
   1.1986143154954019E-003   1.1621051812283449E-003  -277238.26419491012     
   1.2021165062205510E-003   1.1651628501771335E-003  -276440.76998770912     
   1.2056552050228365E-003   1.1682490108797987E-003  -275643.27578050806     
   1.2092310699153041E-003   1.1713641140666433E-003  -274845.78157330712     
   1.2128447753303228E-003   1.1745086194943895E-003  -274048.28736610606     
   1.2164970126838650E-003   1.1776829961109468E-003  -273250.79315890506     
   1.2201884909685055E-003   1.1808877222188722E-003  -272453.29895170406     
   1.2239199373771769E-003   1.1841232856373890E-003  -271655.80474450305     
   1.2276920979598092E-003   1.1873901838629669E-003  -270858.31053730205     
   1.2315057383151700E-003   1.1906889242285364E-003  -270060.81633010099     
   1.2353616443203147E-003   1.1940200240614948E-003  -269263.32212290005     
   1.2392606229001540E-003   1.1973840108407668E-003  -268465.82791569899     
   1.2432035028397432E-003   1.2007814223533597E-003  -267668.33370849799     
   1.2471911356418297E-003   1.2042128068508839E-003  -266870.83950129698     
   1.2512243964323078E-003   1.2076787232067226E-003  -266073.34529409598     
   1.2553041849160025E-003   1.2111797410746237E-003  -265275.85108689498     
   1.2594314263851814E-003   1.2147164410496233E-003  -264478.35687969392     
   1.2636070727828365E-003   1.2182894148323508E-003  -263680.86267249298     
   1.2678321038225172E-003   1.2218992653978799E-003  -262883.36846529192     
   1.2721075281660864E-003   1.2255466071704104E-003  -262085.87425809092     
   1.2764343846601383E-003   1.2292320662051328E-003  -261288.38005088991     
   1.2808137436312367E-003   1.2329562803787349E-003  -260490.88584368891     
   1.2852467082393516E-003   1.2367198995900661E-003  -259693.39163648788     
   1.2897344158878279E-003   1.2405235859724549E-003  -258895.89742928688     
   1.2942780396873624E-003   1.2443680141192002E-003  -258098.40322208588     
   1.2988787899701267E-003   1.2482538713236766E-003  -257300.90901488485     
   1.3035379158489976E-003   1.2521818578354424E-003  -256503.41480768385     
   1.3082567068153862E-003   1.2561526871334874E-003  -255705.92060048284     
   1.3130364943677560E-003   1.2601670862177063E-003  -254908.42639328184     
   1.3178786536613852E-003   1.2642257959192564E-003  -254110.93218608081     
   1.3227846051683723E-003   1.2683295712302637E-003  -253313.43797887981     
   1.3277558163355442E-003   1.2724791816529051E-003  -252515.94377167881     
   1.3327938032264611E-003   1.2766754115674263E-003  -251718.44956447778     
   1.3379001321326750E-003   1.2809190606182148E-003  -250920.95535727678     
   1.3430764211385211E-003   1.2852109441164243E-003  -250123.46115007577     
   1.3483243416233595E-003   1.2895518934570402E-003  -249325.96694287477     
   1.3536456196853023E-003   1.2939427565476789E-003  -248528.47273567374     
   1.3590420374713736E-003   1.2983843982456332E-003  -247730.97852847274     
   1.3645154344005444E-003   1.3028777007990319E-003  -246933.48432127174     
   1.3700677082690638E-003   1.3074235642872337E-003  -246135.99011407071     
   1.3757008162311600E-003   1.3120229070549031E-003  -245338.49590686971     
   1.3814167756534162E-003   1.3166766661335057E-003  -244541.00169966870     
   1.3872176648477134E-003   1.3213857976434075E-003  -243743.50749246770     
   1.3931056236957228E-003   1.3261512771691665E-003  -242946.01328526667     
   1.3990828541874626E-003   1.3309741001002583E-003  -242148.51907806567     
   1.4051516209075028E-003   1.3358552819291297E-003  -241351.02487086467     
   1.4113142515143576E-003   1.3407958584983936E-003  -240553.53066366364     
   1.4175731372719838E-003   1.3457968861889868E-003  -239756.03645646264     
   1.4239307337053323E-003   1.3508594420414419E-003  -238958.54224926163     
   1.4303895614653341E-003   1.3559846238028225E-003  -238161.04804206060     
   1.4369522075004049E-003   1.3611735498926965E-003  -237363.55383485960     
   1.4436213266413164E-003   1.3664273592823362E-003  -236566.05962765860     
   1.4503996437127608E-003   1.3717472112826528E-003  -235768.56542045760     
   1.4572899562865461E-003   1.3771342852376643E-003  -234971.07121325657     
   1.4642951381873650E-003   1.3825897801219311E-003  -234173.57700605557     
   1.4714181438505610E-003   1.3881149140420399E-003  -233376.08279885456     
   1.4786620136122742E-003   1.3937109236440625E-003  -232578.58859165353     
   1.4860298799839278E-003   1.3993790634307152E-003  -231781.09438445253     
   1.4935249749258265E-003   1.4051206049935858E-003  -230983.60017725153     
   1.5011506380888011E-003   1.4109368361674935E-003  -230186.10597005053     
   1.5089103259384902E-003   1.4168290601151727E-003  -229388.61176284950     
   1.5168076216171094E-003   1.4227985943515899E-003  -228591.11755564850     
   1.5248462453323903E-003   1.4288467697175105E-003  -227793.62334844749     
   1.5330300649972033E-003   1.4349749293120116E-003  -226996.12914124646     
   1.5413631067781282E-003   1.4411844273928820E-003  -226198.63493404546     
   1.5498495651494219E-003   1.4474766282527201E-003  -225401.14072684446     
   1.5584938119947433E-003   1.4538529050765693E-003  -224603.64651964346     
   1.5673004042520843E-003   1.4603146387846863E-003  -223806.15231244243     
   1.5762740895634835E-003   1.4668632168611984E-003  -223008.65810524143     
   1.5854198093656119E-003   1.4735000321664644E-003  -222211.16389804042     
   1.5947426988463461E-003   1.4802264817280241E-003  -221413.66969083939     
   1.6042480831904465E-003   1.4870439655024165E-003  -220616.17548363839     
   1.6139414695461741E-003   1.4939538850982062E-003  -219818.68127643739     
   1.6238285341622011E-003   1.5009576424495923E-003  -219021.18706923639     
   1.6339151041702643E-003   1.5080566384305370E-003  -218223.69286203536     
   1.6442071335221221E-003   1.5152522714012796E-003  -217426.19865483436     
   1.6547106726342727E-003   1.5225459356832439E-003  -216628.70444763335     
   1.6654318313513914E-003   1.5299390199641565E-003  -215831.21024043232     
   1.6763767349158084E-003   1.5374329056431120E-003  -215033.71603323132     
   1.6875514727370863E-003   1.5450289651344673E-003  -214236.22182603032     
   1.6989620399001162E-003   1.5527285601600143E-003  -213438.72761882932     
   1.7106142715435574E-003   1.5605330400690273E-003  -212641.23341162829     
   1.7225137705019526E-003   1.5684437402354175E-003  -211843.73920442729     
   1.7346658289313711E-003   1.5764619805882425E-003  -211046.24499722628     
   1.7470753450395061E-003   1.5845890643351097E-003  -210248.75079002525     
   1.7597467365073702E-003   1.5928262769360497E-003  -209451.25658282425     
   1.7726838526768841E-003   1.6011748853770719E-003  -208653.76237562325     
   1.7858898880597426E-003   1.6096361377764209E-003  -207856.26816842225     
   1.7993673000763094E-003   1.6182112633333959E-003  -207058.77396122122     
   1.8131177340821169E-003   1.6269014725992740E-003  -206261.27975402022     
   1.8271419584845415E-003   1.6357079580148475E-003  -205463.78554681921     
   1.8414398119568581E-003   1.6446318946225897E-003  -204666.29133961818     
   1.8560101631782118E-003   1.6536744408272919E-003  -203868.79713241718     
   1.8708508810499180E-003   1.6628367390524713E-003  -203071.30292521618     
   1.8859588098252449E-003   1.6721199161254946E-003  -202273.80871801515     
   1.9013297393229952E-003   1.6815250832263079E-003  -201476.31451081415     
   1.9169583558924124E-003   1.6910533352550851E-003  -200678.82030361315     
   1.9328381568702255E-003   1.7007057495126065E-003  -199881.32609641214     
   1.9489613126661587E-003   1.7104833836408615E-003  -199083.83188921111     
   1.9653184711048580E-003   1.7203872728344550E-003  -198286.33768201011     
   1.9818985231669470E-003   1.7304184263984875E-003  -197488.84347480911     
   1.9986883896795809E-003   1.7405778237882296E-003  -196691.34926760808     
   2.0156729372588552E-003   1.7508664103129859E-003  -195893.85506040708     
   2.0328351654426806E-003   1.7612850927164346E-003  -195096.36085320608     
   2.0501567918344652E-003   1.7718347348564091E-003  -194298.86664600507     
   2.0676192767687127E-003   1.7825161536991368E-003  -193501.37243880404     
   2.0852051944396247E-003   1.7933301158194312E-003  -192703.87823160304     
   2.1028997603447347E-003   1.8042773345632085E-003  -191906.38402440204     
   2.1206925172385475E-003   1.8153584679871896E-003  -191108.88981720101     
   2.1385799828913601E-003   1.8265741176462841E-003  -190311.39561000001     
