   7.2669137417338867E-002   7.2669137417338867E-002  -114003.70600000001     
   7.2460740713391911E-002   7.2683356333707941E-002  -113983.41991212122     
   7.2256371657901108E-002   7.2696678651589727E-002  -113963.13382424242     
   7.2052449103126401E-002   7.2710000223274382E-002  -113942.84773636365     
   7.1848971470096057E-002   7.2723321049797868E-002  -113922.56164848486     
   7.1645937182174463E-002   7.2736641132188126E-002  -113902.27556060607     
   7.1443344665011246E-002   7.2749960471465716E-002  -113881.98947272728     
   7.1241192346506402E-002   7.2763279068643369E-002  -113861.70338484849     
   7.1039478656762953E-002   7.2776596924726267E-002  -113841.41729696970     
   7.0838202028057268E-002   7.2789914040712250E-002  -113821.13120909092     
   7.0637360894775972E-002   7.2803230417591250E-002  -113800.84512121213     
   7.0436953693396809E-002   7.2816546056345716E-002  -113780.55903333334     
   7.0236978862425067E-002   7.2829860957951117E-002  -113760.27294545455     
   7.0037434842362772E-002   7.2843175123375029E-002  -113739.98685757576     
   6.9838320075661542E-002   7.2856488553578000E-002  -113719.70076969698     
   6.9639633006670615E-002   7.2869801249513144E-002  -113699.41468181819     
   6.9441372081609859E-002   7.2883113212126219E-002  -113679.12859393940     
   6.9243535748500923E-002   7.2896424442356084E-002  -113658.84250606061     
   6.9046122457140313E-002   7.2909734941134147E-002  -113638.55641818182     
   6.8849130659047880E-002   7.2923044709384557E-002  -113618.27033030303     
   6.8652558807413791E-002   7.2936353748024943E-002  -113597.98424242425     
   6.8456405357060934E-002   7.2949662057965228E-002  -113577.69815454546     
   6.8260668764388355E-002   7.2962969640108621E-002  -113557.41206666667     
   6.8065347487336531E-002   7.2976276495351627E-002  -113537.12597878788     
   6.7870439985319650E-002   7.2989582624583438E-002  -113516.83989090909     
   6.7675944719192582E-002   7.3002888028686361E-002  -113496.55380303031     
   6.7481860151189260E-002   7.3016192708536140E-002  -113476.26771515152     
   6.7288184744890414E-002   7.3029496665001734E-002  -113455.98162727273     
   6.7094916965149229E-002   7.3042799898945188E-002  -113435.69553939394     
   6.6902055278056566E-002   7.3056102411221457E-002  -113415.40945151515     
   6.6709598150884189E-002   7.3069404202679683E-002  -113395.12336363636     
   6.6517544052029254E-002   7.3082705274161636E-002  -113374.83727575759     
   6.6325891450970453E-002   7.3096005626502841E-002  -113354.55118787879     
   6.6134638818199573E-002   7.3109305260532109E-002  -113334.26510000000     
   6.5943784625182786E-002   7.3122604177071879E-002  -113313.97901212121     
   6.5753327344291304E-002   7.3135902376938094E-002  -113293.69292424242     
   6.5563265448759983E-002   7.3149199860940095E-002  -113273.40683636365     
   6.5373597412615780E-002   7.3162496629881016E-002  -113253.12074848486     
   6.5184321710636289E-002   7.3175792684557553E-002  -113232.83466060607     
   6.4995436818274618E-002   7.3189088025759921E-002  -113212.54857272728     
   6.4806941211616384E-002   7.3202382654272272E-002  -113192.26248484848     
   6.4618833367312403E-002   7.3215676570872551E-002  -113171.97639696969     
   6.4431111762521823E-002   7.3228969776332156E-002  -113151.69030909092     
   6.4243774874844922E-002   7.3242262271416753E-002  -113131.40422121213     
   6.4056821182266938E-002   7.3255554056885636E-002  -113111.11813333334     
   6.3870249163099316E-002   7.3268845133491869E-002  -113090.83204545455     
   6.3684057295904123E-002   7.3282135501982620E-002  -113070.54595757576     
   6.3498244059443154E-002   7.3295425163099087E-002  -113050.25986969698     
   6.3312807932606158E-002   7.3308714117576473E-002  -113029.97378181819     
   6.3127747394338893E-002   7.3322002366143724E-002  -113009.68769393940     
   6.2943060923589783E-002   7.3335289909524315E-002  -112989.40160606061     
   6.2758746999228898E-002   7.3348576748435618E-002  -112969.11551818182     
   6.2574804099989709E-002   7.3361862883588952E-002  -112948.82943030303     
   6.2391230704390795E-002   7.3375148315690128E-002  -112928.54334242425     
   6.2208025290666838E-002   7.3388433045439211E-002  -112908.25725454546     
   6.2025186336701815E-002   7.3401717073530270E-002  -112887.97116666667     
   6.1842712319948590E-002   7.3415000400652006E-002  -112867.68507878788     
   6.1660601717359015E-002   7.3428283027486885E-002  -112847.39899090909     
   6.1478853005306582E-002   7.3441564954712352E-002  -112827.11290303031     
   6.1297464659508742E-002   7.3454846182999925E-002  -112806.82681515152     
   6.1116435154958175E-002   7.3468126713015655E-002  -112786.54072727273     
   6.0935762965828498E-002   7.3481406545419875E-002  -112766.25463939394     
   6.0755446565404839E-002   7.3494685680867575E-002  -112745.96855151515     
   6.0575484426003218E-002   7.3507964120008290E-002  -112725.68246363636     
   6.0395875018878165E-002   7.3521241863486228E-002  -112705.39637575758     
   6.0216616814150470E-002   7.3534518911939850E-002  -112685.11028787879     
   6.0037708280711678E-002   7.3547795266002469E-002  -112664.82420000000     
   5.9859147886140905E-002   7.3561070926302125E-002  -112644.53811212121     
   5.9680934096620876E-002   7.3574345893461290E-002  -112624.25202424242     
   5.9503065376839588E-002   7.3587620168097542E-002  -112603.96593636365     
   5.9325540189904623E-002   7.3600893750822807E-002  -112583.67984848486     
   5.9148356997246208E-002   7.3614166642244086E-002  -112563.39376060606     
   5.8971514258528653E-002   7.3627438842963008E-002  -112543.10767272727     
   5.8795010431550450E-002   7.3640710353576389E-002  -112522.82158484848     
   5.8618843972141781E-002   7.3653981174675462E-002  -112502.53549696969     
   5.8443013334071883E-002   7.3667251306846648E-002  -112482.24940909092     
   5.8267516968945401E-002   7.3680520750671497E-002  -112461.96332121213     
   5.8092353326097863E-002   7.3693789506726032E-002  -112441.67723333334     
   5.7917520852488698E-002   7.3707057575581755E-002  -112421.39114545455     
   5.7743017992601585E-002   7.3720324957804825E-002  -112401.10505757575     
   5.7568843188325253E-002   7.3733591653956959E-002  -112380.81896969698     
   5.7394994878849456E-002   7.3746857664594392E-002  -112360.53288181819     
   5.7221471500550167E-002   7.3760122990268698E-002  -112340.24679393940     
   5.7048271486872949E-002   7.3773387631527090E-002  -112319.96070606061     
   5.6875393268215522E-002   7.3786651588911178E-002  -112299.67461818182     
   5.6702835271808756E-002   7.3799914862958366E-002  -112279.38853030303     
   5.6530595921595032E-002   7.3813177454200976E-002  -112259.10244242425     
   5.6358673638099994E-002   7.3826439363166865E-002  -112238.81635454546     
   5.6187066838313302E-002   7.3839700590378934E-002  -112218.53026666667     
   5.6015773935551315E-002   7.3852961136355672E-002  -112198.24417878788     
   5.5844793339325974E-002   7.3866221001610707E-002  -112177.95809090909     
   5.5674123455216037E-002   7.3879480186653218E-002  -112157.67200303031     
   5.5503762684721493E-002   7.3892738691987703E-002  -112137.38591515152     
   5.5333709425133472E-002   7.3905996518114081E-002  -112117.09982727273     
   5.5163962069377889E-002   7.3919253665528026E-002  -112096.81373939394     
   5.4994519005879039E-002   7.3932510134720061E-002  -112076.52765151515     
   5.4825378618411760E-002   7.3945765926177021E-002  -112056.24156363636     
   5.4656539285937097E-002   7.3959021040381032E-002  -112035.95547575758     
   5.4487999382461634E-002   7.3972275477809366E-002  -112015.66938787879     
   5.4319757276870155E-002   7.3985529238935449E-002  -111995.38330000000     
   5.4151811332760758E-002   7.3998782324228213E-002  -111975.09721212121     
   5.3984159908288754E-002   7.4012034734152091E-002  -111954.81112424242     
   5.3816801355987556E-002   7.4025286469167395E-002  -111934.52503636364     
   5.3649734022603507E-002   7.4038537529729831E-002  -111914.23894848485     
   5.3482956248908260E-002   7.4051787916291398E-002  -111893.95286060606     
   5.3316466369532377E-002   7.4065037629299446E-002  -111873.66677272727     
   5.3150262712769694E-002   7.4078286669197232E-002  -111853.38068484848     
   5.2984343600389477E-002   7.4091535036423781E-002  -111833.09459696969     
   5.2818707347444344E-002   7.4104782731414187E-002  -111812.80850909092     
   5.2653352262073773E-002   7.4118029754599107E-002  -111792.52242121212     
   5.2488276645302159E-002   7.4131276106405283E-002  -111772.23633333333     
   5.2323478790824648E-002   7.4144521787255391E-002  -111751.95024545454     
   5.2158956984805209E-002   7.4157766797568123E-002  -111731.66415757575     
   5.1994709505652076E-002   7.4171011137757745E-002  -111711.37806969698     
   5.1830734623797101E-002   7.4184254808235039E-002  -111691.09198181819     
   5.1667030601473249E-002   7.4197497809406571E-002  -111670.80589393940     
   5.1503595692469990E-002   7.4210740141674988E-002  -111650.51980606061     
   5.1340428141912371E-002   7.4223981805438835E-002  -111630.23371818181     
   5.1177526185996032E-002   7.4237222801093211E-002  -111609.94763030302     
   5.1014888051752062E-002   7.4250463129028915E-002  -111589.66154242425     
   5.0852511956786750E-002   7.4263702789632999E-002  -111569.37545454546     
   5.0690396109011271E-002   7.4276941783288808E-002  -111549.08936666667     
   5.0528538706382388E-002   7.4290180110375706E-002  -111528.80327878788     
   5.0366937936620337E-002   7.4303417771269462E-002  -111508.51719090909     
   5.0205591976922447E-002   7.4316654766341916E-002  -111488.23110303031     
   5.0044498993681616E-002   7.4329891095961401E-002  -111467.94501515152     
   4.9883657142173056E-002   7.4343126760492234E-002  -111447.65892727273     
   4.9723064566264824E-002   7.4356361760295114E-002  -111427.37283939394     
   4.9562719398096394E-002   7.4369596095727575E-002  -111407.08675151515     
   4.9402619757748505E-002   7.4382829767142805E-002  -111386.80066363636     
   4.9242763752926307E-002   7.4396062774890664E-002  -111366.51457575758     
   4.9083149478606571E-002   7.4409295119317487E-002  -111346.22848787879     
   4.8923775016702052E-002   7.4422526800765956E-002  -111325.94240000000     
   4.8764638435689012E-002   7.4435757819575357E-002  -111305.65631212121     
   4.8605737790247912E-002   7.4448988176081171E-002  -111285.37022424242     
   4.8447071120881688E-002   7.4462217870615591E-002  -111265.08413636364     
   4.8288636453528613E-002   7.4475446903507186E-002  -111244.79804848485     
   4.8130431799161190E-002   7.4488675275081281E-002  -111224.51196060606     
   4.7972455153378411E-002   7.4501902985659604E-002  -111204.22587272727     
   4.7814704495973075E-002   7.4515130035560290E-002  -111183.93978484848     
   4.7657177790512546E-002   7.4528356425098377E-002  -111163.65369696969     
   4.7499872983879150E-002   7.4541582154585562E-002  -111143.36760909091     
   4.7342788005814311E-002   7.4554807224329792E-002  -111123.08152121212     
   4.7185920768448485E-002   7.4568031634636128E-002  -111102.79543333333     
   4.7029269165808421E-002   7.4581255385806178E-002  -111082.50934545454     
   4.6872831073318764E-002   7.4594478478137993E-002  -111062.22325757575     
   4.6716604347282281E-002   7.4607700911926755E-002  -111041.93716969698     
   4.6560586824355120E-002   7.4620922687464175E-002  -111021.65108181819     
   4.6404776320989494E-002   7.4634143805038786E-002  -111001.36499393939     
   4.6249170632874322E-002   7.4647364264935775E-002  -110981.07890606060     
   4.6093767534352952E-002   7.4660584067437599E-002  -110960.79281818181     
   4.5938564777823016E-002   7.4673803212822867E-002  -110940.50673030302     
   4.5783560093116106E-002   7.4687021701367706E-002  -110920.22064242425     
   4.5628751186857740E-002   7.4700239533344676E-002  -110899.93455454546     
   4.5474135741822561E-002   7.4713456709023504E-002  -110879.64846666667     
   4.5319711416234448E-002   7.4726673228670493E-002  -110859.36237878788     
   4.5165475843083773E-002   7.4739889092549222E-002  -110839.07629090908     
   4.5011426629395730E-002   7.4753104300920012E-002  -110818.79020303031     
   4.4857561355485506E-002   7.4766318854040337E-002  -110798.50411515152     
   4.4703877574187839E-002   7.4779532752164701E-002  -110778.21802727273     
   4.4550372810058046E-002   7.4792745995544266E-002  -110757.93193939394     
   4.4397044558556704E-002   7.4805958584427470E-002  -110737.64585151515     
   4.4243890285187881E-002   7.4819170519059619E-002  -110717.35976363636     
   4.4090907424626818E-002   7.4832381799683642E-002  -110697.07367575758     
   4.3938093379815323E-002   7.4845592426538946E-002  -110676.78758787879     
   4.3785445521011032E-002   7.4858802399862326E-002  -110656.50150000000     
   4.3632961184821947E-002   7.4872011719887638E-002  -110636.21541212121     
   4.3480637673201178E-002   7.4885220386845697E-002  -110615.92932424242     
   4.3328472252400947E-002   7.4898428400964959E-002  -110595.64323636364     
   4.3176462151900533E-002   7.4911635762470757E-002  -110575.35714848485     
   4.3024604563276878E-002   7.4924842471585429E-002  -110555.07106060606     
   4.2872896639068417E-002   7.4938048528528797E-002  -110534.78497272727     
   4.2721335491557648E-002   7.4951253933517981E-002  -110514.49888484848     
   4.2569918191533496E-002   7.4964458686767266E-002  -110494.21279696969     
   4.2418641767014084E-002   7.4977662788488136E-002  -110473.92670909091     
   4.2267503201894603E-002   7.4990866238889342E-002  -110453.64062121212     
   4.2116499434577410E-002   7.5004069038177051E-002  -110433.35453333333     
   4.1965627356518383E-002   7.5017271186554865E-002  -110413.06844545454     
   4.1814883810750283E-002   7.5030472684223332E-002  -110392.78235757575     
   4.1664265590320937E-002   7.5043673531380931E-002  -110372.49626969697     
   4.1513769436688157E-002   7.5056873728222895E-002  -110352.21018181818     
   4.1363392038047536E-002   7.5070073274942459E-002  -110331.92409393939     
   4.1213130027597904E-002   7.5083272171729790E-002  -110311.63800606060     
   4.1062979981719080E-002   7.5096470418772640E-002  -110291.35191818181     
   4.0912938418117648E-002   7.5109668016256417E-002  -110271.06583030302     
   4.0763001793846350E-002   7.5122864964363600E-002  -110250.77974242425     
   4.0613166503285253E-002   7.5136061263274587E-002  -110230.49365454545     
   4.0463428876013750E-002   7.5149256913166818E-002  -110210.20756666666     
   4.0313785174611337E-002   7.5162451914215681E-002  -110189.92147878787     
   4.0164231592353369E-002   7.5175646266593690E-002  -110169.63539090908     
   4.0014764250815044E-002   7.5188839970471363E-002  -110149.34930303031     
   3.9865379197375893E-002   7.5202033026016218E-002  -110129.06321515152     
   3.9716072402611109E-002   7.5215225433393915E-002  -110108.77712727273     
   3.9566839757574655E-002   7.5228417192767280E-002  -110088.49103939394     
   3.9417677070958716E-002   7.5241608304297034E-002  -110068.20495151514     
   3.9268580066132090E-002   7.5254798768141298E-002  -110047.91886363635     
   3.9119544378035789E-002   7.5267988584456005E-002  -110027.63277575758     
   3.8970565549956510E-002   7.5281177753394837E-002  -110007.34668787879     
   3.8821639030133977E-002   7.5294366275108673E-002  -109987.06060000000     
   3.8672760168225573E-002   7.5307554149746714E-002  -109966.77451212121     
   3.8523924211599198E-002   7.5320741377455383E-002  -109946.48842424242     
   3.8375126301450298E-002   7.5333927958379107E-002  -109926.20233636364     
   3.8226361468741948E-002   7.5347113892659995E-002  -109905.91624848485     
   3.8077624629941603E-002   7.5360299180437629E-002  -109885.63016060606     
   3.7928910582563299E-002   7.5373483821849760E-002  -109865.34407272727     
   3.7780214000470352E-002   7.5386667817031877E-002  -109845.05798484848     
   3.7631529428967095E-002   7.5399851166116860E-002  -109824.77189696969     
   3.7482851279632967E-002   7.5413033869235729E-002  -109804.48580909091     
   3.7334173824893770E-002   7.5426215926517534E-002  -109784.19972121212     
   3.7185491192319849E-002   7.5439397338088701E-002  -109763.91363333333     
   3.7036797358630469E-002   7.5452578104073645E-002  -109743.62754545454     
   3.6888086143371288E-002   7.5465758224594878E-002  -109723.34145757575     
   3.6739351202280515E-002   7.5478937699772597E-002  -109703.05536969697     
   3.6590586020263403E-002   7.5492116529725151E-002  -109682.76928181818     
   3.6441783904023160E-002   7.5505294714568238E-002  -109662.48319393939     
   3.6292937974263695E-002   7.5518472254415936E-002  -109642.19710606060     
   3.6144041157466666E-002   7.5531649149380486E-002  -109621.91101818181     
   3.5995086177197183E-002   7.5544825399571414E-002  -109601.62493030302     
   3.5846065544937820E-002   7.5558001005096589E-002  -109581.33884242424     
   3.5696971550354742E-002   7.5571175966062096E-002  -109561.05275454545     
   3.5547796251038002E-002   7.5584350282571641E-002  -109540.76666666666     
   3.5398531461598153E-002   7.5597523954727172E-002  -109520.48057878787     
   3.5249168742132263E-002   7.5610696982628470E-002  -109500.19449090908     
   3.5099699385982230E-002   7.5623869366373345E-002  -109479.90840303031     
   3.4950114406731729E-002   7.5637041106057901E-002  -109459.62231515152     
   3.4800404524406553E-002   7.5650212201776229E-002  -109439.33622727272     
   3.4650560150786588E-002   7.5663382653620298E-002  -109419.05013939393     
   3.4500571373781513E-002   7.5676552461680535E-002  -109398.76405151514     
   3.4350427940795937E-002   7.5689721626044912E-002  -109378.47796363637     
   3.4200119240982971E-002   7.5702890146800178E-002  -109358.19187575758     
   3.4049634286318561E-002   7.5716058024030683E-002  -109337.90578787879     
   3.3898961691384698E-002   7.5729225257819305E-002  -109317.61970000000     
   3.3748089651761536E-002   7.5742391848246896E-002  -109297.33361212121     
   3.3597005920893645E-002   7.5755557795392406E-002  -109277.04752424241     
   3.3445697785333774E-002   7.5768723099333149E-002  -109256.76143636364     
   3.3294152038163806E-002   7.5781887760144467E-002  -109236.47534848485     
   3.3142354950491115E-002   7.5795051777900024E-002  -109216.18926060606     
   3.2990292240797185E-002   7.5808215152671776E-002  -109195.90317272727     
   3.2837949041982221E-002   7.5821377884529709E-002  -109175.61708484848     
   3.2685309865838258E-002   7.5834539973542142E-002  -109155.33099696969     
   3.2532358564746164E-002   7.5847701419775815E-002  -109135.04490909091     
   3.2379078290318643E-002   7.5860862223295383E-002  -109114.75882121212     
   3.2225451448676522E-002   7.5874022384164186E-002  -109094.47273333333     
   3.2071459652000735E-002   7.5887181902443659E-002  -109074.18664545454     
   3.1917083666037321E-002   7.5900340778193534E-002  -109053.90055757575     
   3.1762303353055493E-002   7.5913499011471763E-002  -109033.61446969697     
   3.1607097609828959E-002   7.5926656602335121E-002  -109013.32838181818     
   3.1451444300085049E-002   7.5939813550838037E-002  -108993.04229393939     
   3.1295320180774321E-002   7.5952969857033745E-002  -108972.75620606060     
   3.1138700821520100E-002   7.5966125520973690E-002  -108952.47011818181     
   3.0981560516400646E-002   7.5979280542707930E-002  -108932.18403030303     
   3.0823872187204213E-002   7.5992434922284385E-002  -108911.89794242424     
   3.0665607277079312E-002   7.6005588659749976E-002  -108891.61185454545     
   3.0506735633451826E-002   7.6018741755149818E-002  -108871.32576666666     
   3.0347225378799192E-002   7.6031894208527226E-002  -108851.03967878787     
   3.0187042767744903E-002   7.6045046019924359E-002  -108830.75359090908     
   3.0026152028660921E-002   7.6058197189381324E-002  -108810.46750303030     
   2.9864515187655732E-002   7.6071347716937215E-002  -108790.18141515151     
   2.9702091872538899E-002   7.6084497602629322E-002  -108769.89532727272     
   2.9538839093859064E-002   7.6097646846493450E-002  -108749.60923939393     
   2.9374710999720586E-002   7.6110795448563834E-002  -108729.32315151514     
   2.9209658600374475E-002   7.6123943408873310E-002  -108709.03706363635     
   2.9043629457964404E-002   7.6137090727453366E-002  -108688.75097575758     
   2.8876567335870938E-002   7.6150237404333701E-002  -108668.46488787878     
   2.8708411801046656E-002   7.6163383439542640E-002  -108648.17879999999     
   2.8539097771409293E-002   7.6176528833107326E-002  -108627.89271212120     
   2.8368554998741875E-002   7.6189673585053116E-002  -108607.60662424241     
   2.8196707475552567E-002   7.6202817695404129E-002  -108587.32053636364     
   2.8023472751708859E-002   7.6215961164182985E-002  -108567.03444848485     
   2.7848761143596551E-002   7.6229103991410932E-002  -108546.74836060606     
   2.7672474814383344E-002   7.6242246177107953E-002  -108526.46227272727     
   2.7494506698784744E-002   7.6255387721292214E-002  -108506.17618484847     
   2.7314739239011093E-002   7.6268528623981133E-002  -108485.89009696970     
   2.7133042889758055E-002   7.6281668885190224E-002  -108465.60400909091     
   2.6949274338567673E-002   7.6294808504934045E-002  -108445.31792121212     
   2.6763274372477056E-002   7.6307947483225225E-002  -108425.03183333333     
   2.6574865301189778E-002   7.6321085820075754E-002  -108404.74574545454     
   2.6383847818695037E-002   7.6334223515496014E-002  -108384.45965757575     
   2.6189997146412916E-002   7.6347360569494871E-002  -108364.17356969697     
   2.5993058246179986E-002   7.6360496982080084E-002  -108343.88748181818     
   2.5792739813649365E-002   7.6373632753258119E-002  -108323.60139393939     
   2.5588706649906007E-002   7.6386767883034085E-002  -108303.31530606060     
   2.5380569842215605E-002   7.6399902371411935E-002  -108283.02921818181     
   2.5167873933077151E-002   7.6413036218394292E-002  -108262.74313030302     
   2.4950079866375471E-002   7.6426169423982393E-002  -108242.45704242424     
   2.4726541878555823E-002   7.6439301988176306E-002  -108222.17095454545     
   2.4496475482405640E-002   7.6452433910975129E-002  -108201.88486666666     
   2.4258911953667996E-002   7.6465565192376087E-002  -108181.59877878787     
   2.4012631644097743E-002   7.6478695832375959E-002  -108161.31269090908     
   2.3756062683939427E-002   7.6491825830969917E-002  -108141.02660303030     
   2.3487120226671702E-002   7.6504955188151730E-002  -108120.74051515151     
   2.3202937088953785E-002   7.6518083903914361E-002  -108100.45442727272     
   2.2899379949897786E-002   7.6531211978249469E-002  -108080.16833939393     
   2.2570096380902613E-002   7.6544339411147591E-002  -108059.88225151514     
   2.2204377949958838E-002   7.6557466202597790E-002  -108039.59616363636     
   2.1781314766456478E-002   7.6570592352588354E-002  -108019.31007575757     
   2.1246841312137048E-002   7.6583717861106168E-002  -107999.02398787878     
   2.0030455970000000E-002   7.6596842728137327E-002  -107978.73789999999     
