   2.1385799828913601E-003   1.8265741176462839E-003  -190311.39561000001     
   2.1448193145639405E-003   1.8305043604290325E-003  -190034.18127427611     
   2.1510832435889383E-003   1.8344509444586821E-003  -189756.96693855218     
   2.1573656474716996E-003   1.8384138901924656E-003  -189479.75260282829     
   2.1636641288104255E-003   1.8423932172762507E-003  -189202.53826710439     
   2.1700034635438988E-003   1.8463889445529318E-003  -188925.32393138047     
   2.1763544397273250E-003   1.8504010900720618E-003  -188648.10959565657     
   2.1827437304469586E-003   1.8544296711008375E-003  -188370.89525993267     
   2.1891652013626027E-003   1.8584747041361840E-003  -188093.68092420875     
   2.1955934219365877E-003   1.8625362049180846E-003  -187816.46658848485     
   2.2020694258793961E-003   1.8666141884438941E-003  -187539.25225276095     
   2.2085896663755150E-003   1.8707086689837150E-003  -187262.03791703703     
   2.2151387069463398E-003   1.8748196600966674E-003  -186984.82358131313     
   2.2217706521287179E-003   1.8789471746480399E-003  -186707.60924558924     
   2.2284078951158126E-003   1.8830912248272223E-003  -186430.39490986534     
   2.2350261472755774E-003   1.8872518221663183E-003  -186153.18057414141     
   2.2400574812006498E-003   1.8914289775594270E-003  -185875.96623841752     
   2.2465315814983330E-003   1.8956227012824406E-003  -185598.75190269362     
   2.2530239912959653E-003   1.8998330030133485E-003  -185321.53756696970     
   2.2595352023082288E-003   1.9040598918529197E-003  -185044.32323124580     
   2.2660657059465914E-003   1.9083033763456930E-003  -184767.10889552190     
   2.2726159929511119E-003   1.9125634645012692E-003  -184489.89455979798     
   2.2791865532317429E-003   1.9168401638157062E-003  -184212.68022407408     
   2.2857778757616925E-003   1.9211334812930751E-003  -183935.46588835018     
   2.2923904485150004E-003   1.9254434234670184E-003  -183658.25155262626     
   2.2990247585926190E-003   1.9297699964222646E-003  -183381.03721690236     
   2.3056812922721865E-003   1.9341132058160791E-003  -183103.82288117846     
   2.3123605351280025E-003   1.9384730568995175E-003  -182826.60854545454     
   2.3190629722655777E-003   1.9428495545384861E-003  -182549.39420973064     
   2.3257890884129757E-003   1.9472427032344939E-003  -182272.17987400675     
   2.3325393681793592E-003   1.9516525071451287E-003  -181994.96553828282     
   2.3393142962117690E-003   1.9560789701041368E-003  -181717.75120255892     
   2.3461143574110893E-003   1.9605220956410373E-003  -181440.53686683503     
   2.3529400371062807E-003   1.9649818870004086E-003  -181163.32253111113     
   2.3597918212900945E-003   1.9694583471605472E-003  -180886.10819538721     
   2.3666701967581037E-003   1.9739514788517094E-003  -180608.89385966331     
   2.3735756513267679E-003   1.9784612845738050E-003  -180331.67952393941     
   2.3805086739926494E-003   1.9829877666134779E-003  -180054.46518821549     
   2.3874697551128335E-003   1.9875309270607064E-003  -179777.25085249159     
   2.3944593865680192E-003   1.9920907678247714E-003  -179500.03651676769     
   2.4014780619126368E-003   1.9966672906497106E-003  -179222.82218104377     
   2.4085262765402553E-003   2.0012604971291685E-003  -178945.60784531987     
   2.4156045278253876E-003   2.0058703887207343E-003  -178668.39350959598     
   2.4227133152642968E-003   2.0104969667597791E-003  -178391.17917387205     
   2.4298531406227752E-003   2.0151402324728074E-003  -178113.96483814815     
   2.4370245080570724E-003   2.0198001869903680E-003  -177836.75050242426     
   2.4442279242540719E-003   2.0244768313596082E-003  -177559.53616670033     
   2.4514638985600546E-003   2.0291701665565418E-003  -177282.32183097643     
   2.4587329431021185E-003   2.0338801934981095E-003  -177005.10749525254     
   2.4660355729140991E-003   2.0386069130541333E-003  -176727.89315952861     
   2.4733723060542138E-003   2.0433503260593403E-003  -176450.67882380472     
   2.4807436637325157E-003   2.0481104333255552E-003  -176173.46448808082     
   2.4881501704253641E-003   2.0528872356543816E-003  -175896.25015235689     
   2.4955923539953652E-003   2.0576807338504987E-003  -175619.03581663300     
   2.5030707458090894E-003   2.0624909287359611E-003  -175341.82148090910     
   2.5105858808564035E-003   2.0673178211659819E-003  -175064.60714518517     
   2.5181382978675636E-003   2.0721614120466202E-003  -174787.39280946128     
   2.5257285394332746E-003   2.0770217023551411E-003  -174510.17847373738     
   2.5333571521228893E-003   2.0818986931640479E-003  -174232.96413801349     
   2.5410246866042897E-003   2.0867923856700697E-003  -173955.74980228956     
   2.5487316977655830E-003   2.0917027812300368E-003  -173678.53546656566     
   2.5564787448359430E-003   2.0966298814063550E-003  -173401.32113084177     
   2.5642663915103419E-003   2.1015736880263675E-003  -173124.10679511784     
   2.5720952060710347E-003   2.1065342032622900E-003  -172846.89245939394     
   2.5799657615187556E-003   2.1115114297428736E-003  -172569.67812367005     
   2.5878786356936610E-003   2.1165053707171287E-003  -172292.46378794612     
   2.5958344114110094E-003   2.1215160303097282E-003  -172015.24945222223     
   2.6038336765853006E-003   2.1265434139570404E-003  -171738.03511649833     
   2.6118770243704270E-003   2.1315875292660662E-003  -171460.82078077440     
   2.6199650532889324E-003   2.1366483882603250E-003  -171183.60644505051     
   2.6280983673702069E-003   2.1417260298610590E-003  -170906.39210932661     
   2.6362775762910117E-003   2.1468205424427854E-003  -170629.17777360269     
   2.6445032955158499E-003   2.1519319519081120E-003  -170351.96343787879     
   2.6527761464383605E-003   2.1570602681019058E-003  -170074.74910215489     
   2.6610967565304931E-003   2.1622054966825336E-003  -169797.53476643097     
   2.6694657594878149E-003   2.1673676408156830E-003  -169520.32043070707     
   2.6778837953824546E-003   2.1725467018831228E-003  -169243.10609498317     
   2.6863515108146883E-003   2.1777426798577667E-003  -168965.89175925928     
   2.6948695590705988E-003   2.1829555735294469E-003  -168688.67742353535     
   2.7034386002794553E-003   2.1881853806530009E-003  -168411.46308781145     
   2.7120593015776541E-003   2.1934320980515308E-003  -168134.24875208753     
   2.7207323372709299E-003   2.1986957216921081E-003  -167857.03441636363     
   2.7294583890036766E-003   2.2039762467434376E-003  -167579.82008063974     
   2.7382381459307337E-003   2.2092736676214406E-003  -167302.60574491584     
   2.7470723048904802E-003   2.2145879780262529E-003  -167025.39140919191     
   2.7559615705838548E-003   2.2199191709732910E-003  -166748.17707346802     
   2.7649066557550780E-003   2.2252672388197899E-003  -166470.96273774412     
   2.7739082813778198E-003   2.2306321732881210E-003  -166193.74840202020     
   2.7829671768437756E-003   2.2360139654866843E-003  -165916.53406629630     
   2.7920840801559949E-003   2.2414126059289090E-003  -165639.31973057240     
   2.8012597381265451E-003   2.2468280845509090E-003  -165362.10539484848     
   2.8104949065786786E-003   2.2522603907279776E-003  -165084.89105912458     
   2.8197903505520388E-003   2.2577095132903604E-003  -164807.67672340068     
   2.8291468445152922E-003   2.2631754405383017E-003  -164530.46238767676     
   2.8385651725808662E-003   2.2686581602566398E-003  -164253.24805195286     
   2.8480461287272597E-003   2.2741576597290081E-003  -163976.03371622897     
   2.8575905170245804E-003   2.2796739257517121E-003  -163698.81938050507     
   2.8671991518679414E-003   2.2852069446473900E-003  -163421.60504478114     
   2.8768728582137118E-003   2.2907567022784044E-003  -163144.39070905725     
   2.8866124718258924E-003   2.2963231840601359E-003  -162867.17637333332     
   2.8964188395239764E-003   2.3019063749740391E-003  -162589.96203760942     
   2.9062928194416092E-003   2.3075062595806386E-003  -162312.74770188553     
   2.9162352812901254E-003   2.3131228220322751E-003  -162035.53336616163     
   2.9262471066287430E-003   2.3187560460857836E-003  -161758.31903043771     
   2.9363291891435516E-003   2.3244059151149932E-003  -161481.10469471381     
   2.9464824349335170E-003   2.3300724121230430E-003  -161203.89035898991     
   2.9567077628043070E-003   2.3357555197545429E-003  -160926.67602326599     
   2.9670061045715618E-003   2.3414552203075123E-003  -160649.46168754209     
   2.9773784053709574E-003   2.3471714957451523E-003  -160372.24735181819     
   2.9878256239803400E-003   2.3529043277073320E-003  -160095.03301609427     
   2.9983487331473285E-003   2.3586536975218324E-003  -159817.81868037037     
   3.0089487199304321E-003   2.3644195862153727E-003  -159540.60434464648     
   3.0196265860482131E-003   2.3702019745242826E-003  -159263.39000892255     
   3.0303833482398989E-003   2.3760008429048905E-003  -158986.17567319865     
   3.0412200386359905E-003   2.3818161715435529E-003  -158708.96133747476     
   3.0521377051418402E-003   2.3876479403663756E-003  -158431.74700175083     
   3.0631374118315186E-003   2.3934961290485173E-003  -158154.53266602693     
   3.0742202393550652E-003   2.3993607170231567E-003  -157877.31833030304     
   3.0853872853578370E-003   2.4052416834899754E-003  -157600.10399457911     
   3.0966396649130313E-003   2.4111390074232839E-003  -157322.88965885522     
   3.1079785109688141E-003   2.4170526675796819E-003  -157045.67532313132     
   3.1194049748085248E-003   2.4229826425052770E-003  -156768.46098740742     
   3.1309202265249899E-003   2.4289289105423927E-003  -156491.24665168350     
   3.1425254555133395E-003   2.4348914498358732E-003  -156214.03231595960     
   3.1542218709750144E-003   2.4408702383388356E-003  -155936.81798023568     
   3.1660107024414587E-003   2.4468652538179618E-003  -155659.60364451178     
   3.1778932003135633E-003   2.4528764738582778E-003  -155382.38930878788     
   3.1898706364181639E-003   2.4589038758674139E-003  -155105.17497306399     
   3.2019443045829777E-003   2.4649474370793678E-003  -154827.96063734006     
   3.2141155212304668E-003   2.4710071345577698E-003  -154550.74630161616     
   3.2263856259911582E-003   2.4770829451985590E-003  -154273.53196589224     
   3.2387559823351367E-003   2.4831748457322541E-003  -153996.31763016834     
   3.2512279782273001E-003   2.4892828127256114E-003  -153719.10329444445     
   3.2638030268008927E-003   2.4954068225828568E-003  -153441.88895872055     
   3.2764825670550395E-003   2.5015468515463268E-003  -153164.67462299662     
   3.2892680645742072E-003   2.5077028756967041E-003  -152887.46028727273     
   3.3021610122716521E-003   2.5138748709526908E-003  -152610.24595154883     
   3.3151629311565282E-003   2.5200628130702561E-003  -152333.03161582490     
   3.3282753711270465E-003   2.5262666776413485E-003  -152055.81728010101     
   3.3414999117888098E-003   2.5324864400922400E-003  -151778.60294437711     
   3.3548381633006748E-003   2.5387220756813516E-003  -151501.38860865321     
   3.3682917672476580E-003   2.5449735594966542E-003  -151224.17427292929     
   3.3818623975431497E-003   2.5512408664527071E-003  -150946.95993720539     
   3.3955517613607805E-003   2.5575239712872276E-003  -150669.74560148147     
   3.4093616000964717E-003   2.5638228485573194E-003  -150392.53126575757     
   3.4232936903621303E-003   2.5701374726353225E-003  -150115.31693003367     
   3.4373498450135874E-003   2.5764678177043064E-003  -149838.10259430978     
   3.4515319142104329E-003   2.5828138577532662E-003  -149560.88825858585     
   3.4658417865126921E-003   2.5891755665719235E-003  -149283.67392286196     
   3.4802813900125088E-003   2.5955529177453585E-003  -149006.45958713803     
   3.4948526935051471E-003   2.6019458846482752E-003  -148729.24525141413     
   3.5095577076973104E-003   2.6083544404390448E-003  -148452.03091569024     
   3.5243984864572679E-003   2.6147785580535382E-003  -148174.81657996634     
   3.5393771281060776E-003   2.6212182101987107E-003  -147897.60224424241     
   3.5544957767530477E-003   2.6276733693460482E-003  -147620.38790851852     
   3.5697566236753725E-003   2.6341440077247802E-003  -147343.17357279462     
   3.5851619087461425E-003   2.6406300973150468E-003  -147065.95923707070     
   3.6007139219094084E-003   2.6471316098408220E-003  -146788.74490134680     
   3.6164150047071058E-003   2.6536485167628072E-003  -146511.53056562290     
   3.6322675518577078E-003   2.6601807892712619E-003  -146234.31622989901     
   3.6482740128903797E-003   2.6667283982786706E-003  -145957.10189417508     
   3.6644368938355014E-003   2.6732913144124752E-003  -145679.88755845118     
   3.6807587589747595E-003   2.6798695080077328E-003  -145402.67322272726     
   3.6972422326526336E-003   2.6864629490997659E-003  -145125.45888700336     
   3.7138900011533449E-003   2.6930716074168269E-003  -144848.24455127947     
   3.7307048146428979E-003   2.6996954523728291E-003  -144571.03021555557     
   3.7476894891838607E-003   2.7063344530600798E-003  -144293.81587983164     
   3.7648469088205632E-003   2.7129885782421017E-003  -144016.60154410775     
   3.7821800277431906E-003   2.7196577963465563E-003  -143739.38720838382     
   3.7996918725292832E-003   2.7263420754582296E-003  -143462.17287265992     
   3.8173855444706456E-003   2.7330413833121484E-003  -143184.95853693603     
   3.8352642219866748E-003   2.7397556872868429E-003  -142907.74420121213     
   3.8533311631289567E-003   2.7464849543977188E-003  -142630.52986548821     
   3.8715897081816743E-003   2.7532291512905975E-003  -142353.31552976431     
   3.8900432823629392E-003   2.7599882442354388E-003  -142076.10119404038     
   3.9086953986297978E-003   2.7667621991201976E-003  -141798.88685831649     
   3.9275496605947072E-003   2.7735509814449319E-003  -141521.67252259259     
   3.9466097655566357E-003   2.7803545563160384E-003  -141244.45818686869     
   3.9658795076543416E-003   2.7871728884407425E-003  -140967.24385114477     
   3.9853627811460629E-003   2.7940059421217938E-003  -140690.02951542087     
   4.0050635838244477E-003   2.8008536812523925E-003  -140412.81517969698     
   4.0249860205705474E-003   2.8077160693112811E-003  -140135.60084397305     
   4.0451343070571294E-003   2.8145930693581661E-003  -139858.38650824915     
   4.0655127736066764E-003   2.8214846440293042E-003  -139581.17217252526     
   4.0861258692142617E-003   2.8283907555333742E-003  -139303.95783680136     
   4.1069781657414439E-003   2.8353113656475579E-003  -139026.74350107744     
   4.1280743622940852E-003   2.8422464357139086E-003  -138749.52916535354     
   4.1494192897891429E-003   2.8491959266359573E-003  -138472.31482962961     
   4.1710179157258189E-003   2.8561597988755283E-003  -138195.10049390572     
   4.1928753491686987E-003   2.8631380124499103E-003  -137917.88615818182     
   4.2149968459550859E-003   2.8701305269291347E-003  -137640.67182245792     
   4.2373878141420867E-003   2.8771373014336689E-003  -137363.45748673400     
   4.2600538197020395E-003   2.8841582946322252E-003  -137086.24315101010     
   4.2830005924849850E-003   2.8911934647399035E-003  -136809.02881528618     
   4.3062340324605168E-003   2.8982427695165252E-003  -136531.81447956228     
   4.3297602162569787E-003   2.9053061662652796E-003  -136254.60014383838     
   4.3535854040141035E-003   2.9123836118315357E-003  -135977.38580811449     
   4.3777160465685982E-003   2.9194750626019578E-003  -135700.17147239056     
   4.4021587929917666E-003   2.9265804745037941E-003  -135422.95713666666     
   4.4269204985012568E-003   2.9336998030044582E-003  -135145.74280094277     
   4.4520082327678184E-003   2.9408330031113136E-003  -134868.52846521884     
   4.4774292886440087E-003   2.9479800293716195E-003  -134591.31412949495     
   4.5031911913377687E-003   2.9551408358728264E-003  -134314.09979377105     
   4.5293017080615221E-003   2.9623153762429223E-003  -134036.88545804712     
   4.5557688581850811E-003   2.9695036036511166E-003  -133759.67112232323     
   4.5826009239242124E-003   2.9767054708086374E-003  -133482.45678659933     
   4.6098064616005852E-003   2.9839209299697793E-003  -133205.24245087540     
   4.6373943135094653E-003   2.9911499329330726E-003  -132928.02811515151     
   4.6653736204345184E-003   2.9983924310427266E-003  -132650.81377942761     
   4.6937538348540316E-003   3.0056483751901416E-003  -132373.59944370372     
   4.7225447348833481E-003   3.0129177158156628E-003  -132096.38510797979     
   4.7517564390037754E-003   3.0202004029105021E-003  -131819.17077225589     
   4.7813994216329720E-003   3.0274963860187146E-003  -131541.95643653197     
   4.8114845295934797E-003   3.0348056142394859E-003  -131264.74210080807     
   4.8420229995425682E-003   3.0421280362294134E-003  -130987.52776508417     
   4.8730264764323822E-003   3.0494636002050012E-003  -130710.31342936026     
   4.9045070330729496E-003   3.0568122539452835E-003  -130433.09909363635     
   4.9364771908789159E-003   3.0641739447945489E-003  -130155.88475791246     
   4.9689499418854154E-003   3.0715486196651949E-003  -129878.67042218854     
   5.0019387721287629E-003   3.0789362250407196E-003  -129601.45608646463     
   5.0354576864939209E-003   3.0863367069787514E-003  -129324.24175074074     
   5.0695212351387136E-003   3.0937500111142841E-003  -129047.02741501684     
   5.1041445416192275E-003   3.1011760826629262E-003  -128769.81307929292     
   5.1393433328450399E-003   3.1086148664242535E-003  -128492.59874356902     
   5.1751339710127651E-003   3.1160663067853140E-003  -128215.38440784512     
   5.2115334876731796E-003   3.1235303477241353E-003  -127938.17007212120     
   5.2485596201066543E-003   3.1310069328133461E-003  -127660.95573639730     
   5.2862308501956693E-003   3.1384960052238805E-003  -127383.74140067340     
   5.3245664460015805E-003   3.1459975077287477E-003  -127106.52706494949     
   5.3635865062782433E-003   3.1535113827068501E-003  -126829.31272922558     
   5.4033120081671817E-003   3.1610375721468809E-003  -126552.09839350168     
   5.4437648583581877E-003   3.1685760176512995E-003  -126274.88405777777     
   5.4849679480153592E-003   3.1761266604402945E-003  -125997.66972205386     
   5.5269452118088128E-003   3.1836894413559105E-003  -125720.45538632997     
   5.5697216914245831E-003   3.1912643008661238E-003  -125443.24105060606     
   5.6133236039651018E-003   3.1988511790690091E-003  -125166.02671488214     
   5.6577784156989202E-003   3.2064500156969806E-003  -124888.81237915825     
   5.7031149216712727E-003   3.2140607501209956E-003  -124611.59804343434     
   5.7493633317382267E-003   3.2216833213549218E-003  -124334.38370771043     
   5.7965553636613433E-003   3.2293176680598021E-003  -124057.16937198653     
   5.8447243439651896E-003   3.2369637285482979E-003  -123779.95503626262     
   5.8939053173499021E-003   3.2446214407890633E-003  -123502.74070053872     
   5.9441351655428959E-003   3.2522907424112151E-003  -123225.52636481481     
   5.9954527365856762E-003   3.2599715707088278E-003  -122948.31202909090     
   6.0478989856731641E-003   3.2676638626454547E-003  -122671.09769336700     
   6.1015171288091655E-003   3.2753675548586676E-003  -122393.88335764309     
   6.1563528107027640E-003   3.2830825836646970E-003  -122116.66902191918     
   6.2124542885219035E-003   3.2908088850630121E-003  -121839.45468619528     
   6.2698726333377539E-003   3.2985463947410270E-003  -121562.24035047137     
   6.3286619513448598E-003   3.3062950480787666E-003  -121285.02601474746     
   6.3888796272388217E-003   3.3140547801536104E-003  -121007.81167902357     
   6.4505865924734803E-003   3.3218255257450517E-003  -120730.59734329965     
   6.5138476215172228E-003   3.3296072193395167E-003  -120453.38300757576     
   6.5787316597001452E-003   3.3373997951351743E-003  -120176.16867185185     
   6.6453121867906285E-003   3.3452031870468179E-003  -119898.95433612794     
   6.7136676210913775E-003   3.3530173287107902E-003  -119621.74000040404     
   6.7838817696121460E-003   3.3608421534898889E-003  -119344.52566468013     
   6.8560443307914987E-003   3.3686775944783542E-003  -119067.31132895622     
   6.9302514573289569E-003   3.3765235845069417E-003  -118790.09699323232     
   7.0066063879953740E-003   3.3843800561478969E-003  -118512.88265750841     
   7.0852201588617681E-003   3.3922469417201062E-003  -118235.66832178450     
   7.1662124062822161E-003   3.4001241732942167E-003  -117958.45398606060     
   7.2497122762802480E-003   3.4080116826978027E-003  -117681.23965033669     
   7.3358594577959887E-003   3.4159094015206106E-003  -117404.02531461279     
   7.4248053607095122E-003   3.4238172611197825E-003  -117126.81097888888     
   7.5167144638181825E-003   3.4317351926252009E-003  -116849.59664316497     
   7.6117658632324833E-003   3.4396631269447966E-003  -116572.38230744108     
   7.7101550582634234E-003   3.4476009947699681E-003  -116295.16797171716     
   7.8120960201769948E-003   3.4555487265809938E-003  -116017.95363599325     
   7.9178235997038795E-003   3.4635062526525420E-003  -115740.73930026936     
   8.0275963426026317E-003   3.4714735030591764E-003  -115463.52496454545     
   8.1416997998095524E-003   3.4794504076809439E-003  -115186.31062882153     
   8.2604504410630237E-003   3.4874368962089725E-003  -114909.09629309764     
   8.3842003101340500E-003   3.4954328981511773E-003  -114631.88195737373     
   8.5133425984475486E-003   3.5034383428379327E-003  -114354.66762164983     
   8.6483183654752892E-003   3.5114531594278835E-003  -114077.45328592592     
   8.7896247040063942E-003   3.5194772769137107E-003  -113800.23895020201     
   8.9378247437184224E-003   3.5275106241280082E-003  -113523.02461447811     
   9.0935600186043582E-003   3.5355531297492095E-003  -113245.81027875420     
   9.2575659096539274E-003   3.5436047223075091E-003  -112968.59594303029     
   9.4306911398159138E-003   3.5516653301908624E-003  -112691.38160730639     
   9.6139226847464510E-003   3.5597348816510670E-003  -112414.16727158248     
   9.8084180362631220E-003   3.5678133048098254E-003  -112136.95293585857     
   1.0015547625072216E-002   3.5759005276648857E-003  -111859.73860013467     
   1.0236951560857556E-002   3.5839964780962396E-003  -111582.52426441076     
   1.0474617007247144E-002   3.5921010838723386E-003  -111305.30992868687     
   1.0730986069721853E-002   3.6002142726563619E-003  -111028.09559296296     
   1.1009110161749332E-002   3.6083359720125384E-003  -110750.88125723905     
   1.1312877668564345E-002   3.6164661094124839E-003  -110473.66692151515     
   1.1647362066018329E-002   3.6246046122416094E-003  -110196.45258579124     
   1.2019378092857851E-002   3.6327514078055342E-003  -109919.23825006733     
   1.2438420048015673E-002   3.6409064233365726E-003  -109642.02391434343     
   1.2918358843867586E-002   3.6490695860002119E-003  -109364.80957861952     
   1.3480808718703417E-002   3.6572408229016474E-003  -109087.59524289561     
   1.4162732499976094E-002   3.6654200610923820E-003  -108810.38090717171     
   1.5037407924540953E-002   3.6736072275767814E-003  -108533.16657144780     
   1.6297467311583991E-002   3.6818022493187020E-003  -108255.95223572390     
   2.0030455970000000E-002   3.6900050532481482E-003  -107978.73789999999     
