   7.6596842728137313E-002   3.6900050532481508E-003  -107978.73789999999     
   7.6981151652770127E-002   3.7076204020510123E-003  -107384.30107205386     
   7.7364908919781594E-002   3.7252704771422824E-003  -106789.86424410774     
   7.7748113112027561E-002   3.7429545574083566E-003  -106195.42741616160     
   7.8130762309817470E-002   3.7606719219126380E-003  -105600.99058821549     
   7.8512854216822164E-002   3.7784218502019658E-003  -105006.55376026935     
   7.8894386265573768E-002   3.7962036226129436E-003  -104412.11693232323     
   7.9275355705482928E-002   3.8140165205778728E-003  -103817.68010437710     
   7.9655759675928500E-002   3.8318598269293761E-003  -103223.24327643096     
   8.0035595266655962E-002   3.8497328262032211E-003  -102628.80644848484     
   8.0414859567441474E-002   3.8676348049386839E-003  -102034.36962053871     
   8.0793549708727458E-002   3.8855650519756279E-003  -101439.93279259259     
   8.1171662894703497E-002   3.9035228587478783E-003  -100845.49596464646     
   8.1549196430091522E-002   3.9215075195719699E-003  -100251.05913670032     
   8.1926147741690769E-002   3.9395183319308807E-003  -99656.622308754202     
   8.2302514395556761E-002   3.9575545967518678E-003  -99062.185480808068     
   8.2678294110516470E-002   3.9756156186780351E-003  -98467.748652861948     
   8.3053484768585109E-002   3.9937007063328657E-003  -97873.311824915814     
   8.3428084422724022E-002   4.0118091725772683E-003  -97278.874996969695     
   8.3802091302290771E-002   4.0299403347586393E-003  -96684.438169023560     
   8.4175503816460065E-002   4.0480935149513489E-003  -96090.001341077441     
   8.4548320555852596E-002   4.0662680401883653E-003  -95495.564513131307     
   8.4920540292577631E-002   4.0844632426834740E-003  -94901.127685185173     
   8.5292161978882897E-002   4.1026784600439173E-003  -94306.690857239053     
   8.5663184744602022E-002   4.1209130354729435E-003  -93712.254029292919     
   8.6033607893584607E-002   4.1391663179622369E-003  -93117.817201346799     
   8.6403430899294795E-002   4.1574376624738561E-003  -92523.380373400665     
   8.6772653399759855E-002   4.1757264301115794E-003  -91928.943545454531     
   8.7141275192035864E-002   4.1940319882816683E-003  -91334.506717508411     
   8.7509296226352604E-002   4.2123537108427140E-003  -90740.069889562277     
   8.7876716600070889E-002   4.2306909782449265E-003  -90145.633061616158     
   8.8243536551573146E-002   4.2490431776585494E-003  -89551.196233670024     
   8.8609756454178804E-002   4.2674097030917591E-003  -88956.759405723889     
   8.8975376810160128E-002   4.2857899554979637E-003  -88362.322577777770     
   8.9340398244905528E-002   4.3041833428728200E-003  -87767.885749831636     
   8.9704821501268184E-002   4.3225892803410272E-003  -87173.448921885516     
   9.0068647434114787E-002   4.3410071902332580E-003  -86579.012093939382     
   9.0431877005082525E-002   4.3594365021533488E-003  -85984.575265993248     
   9.0794511277544024E-002   4.3778766530361913E-003  -85390.138438047128     
   9.1156551411769204E-002   4.3963270871964638E-003  -84795.701610101009     
   9.1517998660278210E-002   4.4147872563687039E-003  -84201.264782154874     
   9.1878854363369636E-002   4.4332566197388783E-003  -83606.827954208740     
   9.2239119944812695E-002   4.4517346439680722E-003  -83012.391126262621     
   9.2598796907690614E-002   4.4702208032083310E-003  -82417.954298316487     
   9.2957886830382877E-002   4.4887145791114025E-003  -81823.517470370367     
   9.3316391362674944E-002   4.5072154608304139E-003  -81229.080642424233     
   9.3674312221982317E-002   4.5257229450151731E-003  -80634.643814478099     
   9.4031651189681348E-002   4.5442365358012732E-003  -80040.206986531979     
   9.4388410107532753E-002   4.5627557447934447E-003  -79445.770158585845     
   9.4744590874191500E-002   4.5812800910435946E-003  -78851.333330639725     
   9.5100195441792795E-002   4.5998091010238064E-003  -78256.896502693591     
   9.5455225812608124E-002   4.6183423085947332E-003  -77662.459674747457     
   9.5809684035766535E-002   4.6368792549697103E-003  -77068.022846801337     
   9.6163572204040565E-002   4.6554194886748749E-003  -76473.586018855203     
   9.6516892450696584E-002   4.6739625655057796E-003  -75879.149190909084     
   9.6869646946415908E-002   4.6925080484805743E-003  -75284.712362962950     
   9.7221837896295626E-002   4.7110555077902756E-003  -74690.275535016815     
   9.7573467536940989E-002   4.7296045207462726E-003  -74095.838707070696     
   9.7924538133666444E-002   4.7481546717253794E-003  -73501.401879124576     
   9.8275051977822714E-002   4.7667055521127067E-003  -72906.965051178442     
   9.8625011384270420E-002   4.7852567602424921E-003  -72312.528223232308     
   9.8974418689021307E-002   4.8038079013373054E-003  -71718.091395286174     
   9.9323276247064954E-002   4.8223585874455693E-003  -71123.654567340054     
   9.9671586430400180E-002   4.8409084373777899E-003  -70529.217739393935     
  0.10001935162628231        4.8594570766416108E-003  -69934.780911447800     
  0.10036657423569494        4.8780041373758356E-003  -69340.344083501666     
  0.10071325667204899        4.8965492582834988E-003  -68745.907255555547     
  0.10105940136010259        4.9150920845643393E-003  -68151.470427609427     
  0.10140501073509078        4.9336322678464831E-003  -67557.033599663293     
  0.10175008724204451        4.9521694661177262E-003  -66962.596771717159     
  0.10209463333527498        4.9707033436563438E-003  -66368.159943771025     
  0.10243865147799072        4.9892335709615905E-003  -65773.723115824905     
  0.10278214414201280        5.0077598246839692E-003  -65179.286287878778     
  0.10312511380754930        5.0262817875552620E-003  -64584.849459932651     
  0.10346756296299207        5.0447991483185154E-003  -63990.412631986517     
  0.10380949410469573        5.0633116016579049E-003  -63395.975804040390     
  0.10415090973670531        5.0818188481286447E-003  -62801.538976094263     
  0.10449181237040214        5.1003205940868945E-003  -62207.102148148137     
  0.10483220452404136        5.1188165516197585E-003  -61612.665320202010     
  0.10517208872216496        5.1373064384753649E-003  -61018.228492255883     
  0.10551146749487697        5.1557899779931284E-003  -60423.791664309756     
  0.10585034337698079        5.1742668990341625E-003  -59829.354836363622     
  0.10618871890697892        5.1927369359118236E-003  -59234.918008417495     
  0.10652659662594986        5.2111998283225934E-003  -58640.481180471368     
  0.10686397907631608        5.2296553212770602E-003  -58046.044352525241     
  0.10720086880052797        5.2481031650312192E-003  -57451.607524579114     
  0.10753726833968742        5.2665431150180466E-003  -56857.170696632988     
  0.10787318023213979        5.2849749317793217E-003  -56262.733868686853     
  0.10820860701206347        5.3033983808977274E-003  -55668.297040740727     
  0.10854355120808583        5.3218132329293615E-003  -55073.860212794600     
  0.10887801534195062        5.3402192633364067E-003  -54479.423384848473     
  0.10921200192726339        5.3586162524202879E-003  -53884.986556902346     
  0.10954551346833452        5.3770039852550685E-003  -53290.549728956219     
  0.10987855245913558        5.3953822516212471E-003  -52696.112901010085     
  0.11021112138238184        5.4137508459399294E-003  -52101.676073063958     
  0.11054322270874924        5.4321095672073350E-003  -51507.239245117831     
  0.11087485889622714        5.4504582189297442E-003  -50912.802417171704     
  0.11120603238960609        5.4687966090588023E-003  -50318.365589225577     
  0.11153674562009641        5.4871245499272447E-003  -49723.928761279451     
  0.11186700100506768        5.5054418581850922E-003  -49129.491933333324     
  0.11219680094789929        5.5237483547361643E-003  -48535.055105387190     
  0.11252614783792893        5.5420438646751466E-003  -47940.618277441063     
  0.11285504405048438        5.5603282172250598E-003  -47346.181449494936     
  0.11318349194698352        5.5786012456751849E-003  -46751.744621548809     
  0.11351149387508798        5.5968627873194832E-003  -46157.307793602682     
  0.11383905216889610        5.6151126833954698E-003  -45562.870965656555     
  0.11416616914916078        5.6333507790235909E-003  -44968.434137710421     
  0.11449284712351948        5.6515769231471197E-003  -44373.997309764294     
  0.11481908838672721        5.6697909684725444E-003  -43779.560481818167     
  0.11514489522088045        5.6879927714104531E-003  -43185.123653872040     
  0.11547026989562668        5.7061821920169472E-003  -42590.686825925914     
  0.11579521466835223        5.7243590939356683E-003  -41996.249997979787     
  0.11611973178434411        5.7425233443402501E-003  -41401.813170033653     
  0.11644382347692482        5.7606748138773886E-003  -40807.376342087533     
  0.11676749196755566        5.7788133766104423E-003  -40212.939514141399     
  0.11709073946591213        5.7969389099636285E-003  -39618.502686195279     
  0.11741356816992911        5.8150512946667249E-003  -39024.065858249145     
  0.11773598026582006        5.8331504147004090E-003  -38429.629030303011     
  0.11805797792807064        5.8512361572421352E-003  -37835.192202356891     
  0.11837956331941199        5.8693084126126074E-003  -37240.755374410757     
  0.11870073859077419        5.8873670742228433E-003  -36646.318546464638     
  0.11902150588122602        5.9054120385218147E-003  -36051.881718518503     
  0.11934186731790160        5.9234432049447075E-003  -35457.444890572369     
  0.11966182501591974        5.9414604758617285E-003  -34863.008062626250     
  0.11998138107829771        5.9594637565276009E-003  -34268.571234680116     
  0.12030053759586194        5.9774529550315376E-003  -33674.134406733996     
  0.12061929664715998        5.9954279822479403E-003  -33079.697578787862     
  0.12093766029837323        6.0133887517876241E-003  -32485.260750841742     
  0.12125563060323569        6.0313351799496564E-003  -31890.823922895608     
  0.12157320960295712        6.0492671856738215E-003  -31296.387094949474     
  0.12189039932615399        6.0671846904937132E-003  -30701.950267003354     
  0.12220720178878855        6.0850876184903634E-003  -30107.513439057220     
  0.12252361899411585        6.1029758962465059E-003  -29513.076611111101     
  0.12283965293264064        6.1208494528014719E-003  -28918.639783164967     
  0.12315530558208355        6.1387082196066728E-003  -28324.202955218847     
  0.12347057890735570        6.1565521304816290E-003  -27729.766127272713     
  0.12378547486054371        6.1743811215706889E-003  -27135.329299326579     
  0.12409999538090213        6.1921951313002564E-003  -26540.892471380459     
  0.12441414239485608        6.2099941003366695E-003  -25946.455643434325     
  0.12472791781600977        6.2277779715446454E-003  -25352.018815488205     
  0.12504132354516462        6.2455466899463121E-003  -24757.581987542071     
  0.12535436147034254        6.2633002026808247E-003  -24163.145159595937     
  0.12566703346681679        6.2810384589645713E-003  -23568.708331649817     
  0.12597934139714809        6.2987614100519359E-003  -22974.271503703683     
  0.12629128711122573        6.3164690091966407E-003  -22379.834675757564     
  0.12660287244631441        6.3341612116136932E-003  -21785.397847811430     
  0.12691409922710389        6.3518379744418397E-003  -21190.961019865310     
  0.12722496926576352        6.3694992567065820E-003  -20596.524191919176     
  0.12753548436199916        6.3871450192838301E-003  -20002.087363973042     
  0.12784564630311404        6.4047752248639978E-003  -19407.650536026922     
  0.12815545686407104        6.4223898379166993E-003  -18813.213708080788     
  0.12846491780755734        6.4399888246560203E-003  -18218.776880134668     
  0.12877403088405223        6.4575721530062222E-003  -17624.340052188534     
  0.12908279783189408        6.4751397925680897E-003  -17029.903224242415     
  0.12939122037735140        6.4926917145857327E-003  -16435.466396296280     
  0.12969930023469300        6.5102278919139398E-003  -15841.029568350146     
  0.13000703910626019        6.5277482989860285E-003  -15246.592740404027     
  0.13031443868253959        6.5452529117822110E-003  -14652.155912457893     
  0.13062150064223632        6.5627417077984730E-003  -14057.719084511773     
  0.13092822665234854        6.5802146660159534E-003  -13463.282256565639     
  0.13123461836824118        6.5976717668707859E-003  -12868.845428619519     
  0.13154067743372205        6.6151129922244721E-003  -12274.408600673385     
  0.13184640548111584        6.6325383253347005E-003  -11679.971772727251     
  0.13215180413134059        6.6499477508266654E-003  -11085.534944781131     
  0.13245687499398323        6.6673412546648407E-003  -10491.098116834997     
  0.13276161966737499        6.6847188241252386E-003  -9896.6612888888776     
  0.13306603973866826        6.7020804477680969E-003  -9302.2244609427435     
  0.13337013678391202        6.7194261154110433E-003  -8707.7876329966093     
  0.13367391236812842        6.7367558181027076E-003  -8113.3508050504897     
  0.13397736804538896        6.7540695480967647E-003  -7518.9139771043556     
  0.13428050535889080        6.7713672988264223E-003  -6924.4771491582360     
  0.13458332584103286        6.7886490648793370E-003  -6330.0403212121018     
  0.13488583101349186        6.8059148419729451E-003  -5735.6034932659823     
  0.13518802238729899        6.8231646269302513E-003  -5141.1666653198481     
  0.13548990146291554        6.8403984176559612E-003  -4546.7298373737140     
  0.13579146973030909        6.8576162131131178E-003  -3952.2930094275944     
  0.13609272866902924        6.8748180133000308E-003  -3357.8561814814602     
  0.13639367974828373        6.8920038192277046E-003  -2763.4193535353406     
  0.13669432442701376        6.9091736328975870E-003  -2168.9825255892065     
  0.13699466415396960        6.9263274572797543E-003  -1574.5456976430869     
  0.13729470036778585        6.9434652962914126E-003  -980.10886969695275     
  0.13759443449705674        6.9605871547758751E-003  -385.67204175081861     
  0.13789386796041084        6.9776930384817960E-003   208.76478619530099     
  0.13819300216658612        6.9947829540428575E-003   803.20161414143513     
  0.13849183851450433        7.0118569089577627E-003   1397.6384420875547     
  0.13879037839334513        7.0289149115706001E-003   1992.0752700336889     
  0.13908862318262061        7.0459569710515802E-003   2586.5120979798230     
  0.13938657425224835        7.0629830973780779E-003   3180.9489259259426     
  0.13968423296262580        7.0799933013160326E-003   3775.3857538720767     
  0.13998160066470300        7.0969875944016728E-003   4369.8225818181963     
  0.14027867870005531        7.1139659889235844E-003   4964.2594097643305     
  0.14057546840095680        7.1309284979051129E-003   5558.6962377104501     
  0.14087197109045191        7.1478751350870185E-003   6153.1330656565842     
  0.14116818808242793        7.1648059149105308E-003   6747.5698936027184     
  0.14146412068168607        7.1817208525006586E-003   7342.0067215488380     
  0.14175977018401345        7.1986199636498282E-003   7936.4435494949721     
  0.14205513787625385        7.2155032648017828E-003   8530.8803774410917     
  0.14235022503637781        7.2323707730358585E-003   9125.3172053872258     
  0.14264503293355402        7.2492225060514434E-003   9719.7540333333454     
  0.14293956282821779        7.2660584821528052E-003   10314.190861279480     
  0.14323381597214180        7.2828787202341592E-003   10908.627689225614     
  0.14352779360850404        7.2996832397650372E-003   11503.064517171733     
  0.14382149697195765        7.3164720607759096E-003   12097.501345117867     
  0.14411492728869829        7.3332452038440592E-003   12691.938173063987     
  0.14440808577653258        7.3500026900797898E-003   13286.375001010121     
  0.14470097364494527        7.3667445411127897E-003   13880.811828956255     
  0.14499359209516646        7.3834707790788471E-003   14475.248656902375     
  0.14528594232023803        7.4001814266067487E-003   15069.685484848509     
  0.14557802550508017        7.4168765068054624E-003   15664.122312794629     
  0.14586984282655668        7.4335560432515499E-003   16258.559140740763     
  0.14616139545354093        7.4502200599768130E-003   16852.995968686882     
  0.14645268454696245        7.4668685814561842E-003   17447.432796633017     
  0.14674371125995994        7.4835016325958586E-003   18041.869624579151     
  0.14703447673776907        7.5001192387215906E-003   18636.306452525270     
  0.14732498211796199        7.5167214255673388E-003   19230.743280471404     
  0.14761522853042247        7.5333082192639688E-003   19825.180108417524     
  0.14790521709742624        7.5498796463283301E-003   20419.616936363658     
  0.14819494893370327        7.5664357336524164E-003   21014.053764309778     
  0.14848442514649940        7.5829765084928146E-003   21608.490592255912     
  0.14877364683563749        7.5995019984603394E-003   22202.927420202046     
  0.14906261509357877        7.6160122315098461E-003   22797.364248148166     
  0.14935133100548273        7.6325072359302608E-003   23391.801076094285     
  0.14963979564926741        7.6489870403348183E-003   23986.237904040419     
  0.14992801009566856        7.6654516736514603E-003   24580.674731986554     
  0.15021597540829906        7.6819011651134477E-003   25175.111559932688     
  0.15050369264370730        7.6983355442501369E-003   25769.548387878822     
  0.15079116285143518        7.7147548408779635E-003   26363.985215824927     
  0.15107838707407592        7.7311590850915731E-003   26958.422043771061     
  0.15136536634733128        7.7475483072551657E-003   27552.858871717195     
  0.15165210170006849        7.7639225379939588E-003   28147.295699663329     
  0.15193859415437580        7.7802818081858767E-003   28741.732527609434     
  0.15222484472561945        7.7966261489533870E-003   29336.169355555568     
  0.15251085442249809        7.8129555916554589E-003   29930.606183501703     
  0.15279662424709822        7.8292701678797632E-003   30525.043011447837     
  0.15308215519494889        7.8455699094349442E-003   31119.479839393971     
  0.15336744825507503        7.8618548483431160E-003   31713.916667340076     
  0.15365250441005168        7.8781250168324640E-003   32308.353495286210     
  0.15393732463605697        7.8943804473300284E-003   32902.790323232344     
  0.15422190990292467        7.9106211724546023E-003   33497.227151178478     
  0.15450626117419680        7.9268472250098188E-003   34091.663979124613     
  0.15479037940717533        7.9430586379773214E-003   34686.100807070718     
  0.15507426555297324        7.9592554445101354E-003   35280.537635016852     
  0.15535792055656597        7.9754376779261112E-003   35874.974462962986     
  0.15564134535684182        7.9916053717015711E-003   36469.411290909120     
  0.15592454088665178        8.0077585594650422E-003   37063.848118855254     
  0.15620750807285974        8.0238972749911101E-003   37658.284946801359     
  0.15649024783639115        8.0400215521944408E-003   38252.721774747493     
  0.15677276109228222        8.0561314251239059E-003   38847.158602693627     
  0.15705504874972823        8.0722269279568243E-003   39441.595430639762     
  0.15733711171213133        8.0883080949933194E-003   40036.032258585867     
  0.15761895087714858        8.1043749606508168E-003   40630.469086532001     
  0.15790056713673858        8.1204275594586681E-003   41224.905914478135     
  0.15818196137720841        8.1364659260528167E-003   41819.342742424269     
  0.15846313447926008        8.1524900951706631E-003   42413.779570370403     
  0.15874408731803635        8.1685001016459906E-003   43008.216398316508     
  0.15902482076316615        8.1844959804040305E-003   43602.653226262642     
  0.15930533567881000        8.2004777664565643E-003   44197.090054208777     
  0.15958563292370445        8.2164454948972423E-003   44791.526882154911     
  0.15986571335120636        8.2323992008968734E-003   45385.963710101045     
  0.16014557780933703        8.2483389196989498E-003   45980.400538047150     
  0.16042522714082597        8.2642646866151383E-003   46574.837365993284     
  0.16070466218315343        8.2801765370209817E-003   47169.274193939418     
  0.16098388376859363        8.2960745063516105E-003   47763.711021885552     
  0.16126289272425712        8.3119586300975986E-003   48358.147849831686     
  0.16154168987213258        8.3278289438008992E-003   48952.584677777792     
  0.16182027602912868        8.3436854830508337E-003   49547.021505723926     
  0.16209865200711518        8.3595282834802304E-003   50141.458333670060     
  0.16237681861296405        8.3753573807616097E-003   50735.895161616194     
  0.16265477664858954        8.3911728106034322E-003   51330.331989562299     
  0.16293252691098886        8.4069746087465178E-003   51924.768817508433     
  0.16321007019228187        8.4227628109604206E-003   52519.205645454567     
  0.16348740727975014        8.4385374530399938E-003   53113.642473400701     
  0.16376453895587637        8.4542985708019897E-003   53708.079301346836     
  0.16404146599838318        8.4700462000816840E-003   54302.516129292941     
  0.16431818918027125        8.4857803767297117E-003   54896.952957239075     
  0.16459470926985753        8.5015011366088092E-003   55491.389785185209     
  0.16487102703081280        8.5172085155907715E-003   56085.826613131343     
  0.16514714322219928        8.5329025495533839E-003   56680.263441077477     
  0.16542305859850712        8.5485832743774828E-003   57274.700269023582     
  0.16569877390969170        8.5642507259440642E-003   57869.137096969716     
  0.16597428990120944        8.5799049401314303E-003   58463.573924915851     
  0.16624960731405436        8.5955459528124570E-003   59058.010752861985     
  0.16652472688479300        8.6111737998518963E-003   59652.447580808119     
  0.16679964934560054        8.6267885171037208E-003   60246.884408754224     
  0.16707437542429548        8.6423901404086012E-003   60841.321236700358     
  0.16734890584437437        8.6579787055913356E-003   61435.758064646492     
  0.16762324132504605        8.6735542484584482E-003   62030.194892592626     
  0.16789738258126627        8.6891168047957771E-003   62624.631720538731     
  0.16817133032377082        8.7046664103661540E-003   63219.068548484865     
  0.16844508525910956        8.7202031009071118E-003   63813.505376431000     
  0.16871864808967896        8.7357269121286791E-003   64407.942204377134     
  0.16899201951375578        8.7512378797112069E-003   65002.379032323268     
  0.16926520022552879        8.7667360393032384E-003   65596.815860269373     
  0.16953819091513164        8.7822214265194896E-003   66191.252688215507     
  0.16981099226867452        8.7976940769387765E-003   66785.689516161641     
  0.17008360496827610        8.8131540261021223E-003   67380.126344107775     
  0.17035602969209446        8.8286013095107817E-003   67974.563172053910     
  0.17062826711435861        8.8440359626244421E-003   68569.000000000015     
